d = 3.951090
t = 0.000000
Centers of the clusters:
Id = 0, X = 0.666667, Y = 1.000000
Id = 1, X = 2.500000, Y = 4.500000
