d = 215.053438
t = 4.610000
Centers of the clusters:
Id = 0, X = -1070.901038, Y = 528.695414
Id = 1, X = 256.541278, Y = 278.497110
Id = 2, X = -597.775424, Y = 385.798847
Id = 3, X = -10.072435, Y = -307.753206
Id = 4, X = 290.226944, Y = 490.895926
Id = 5, X = 669.471234, Y = 377.407732
Id = 6, X = 360.499136, Y = 835.273368
Id = 7, X = -529.867253, Y = 740.125728
Id = 8, X = 443.251624, Y = -415.124893
Id = 9, X = -107.849840, Y = 509.611614
